#They want me to add a comment, so I did.
#Tue Mar 22 13:36:59 CET 2016
mq-host=localhost
uuid=351a95b4-8106-439f-aba7-1c1288bc40a1
mq-port=5672
longitude=6.576669
latitude=53.221375
servers=127.0.0.1,5001;127.0.0.1,5000
