servers=127.0.0.1,5000;127.0.0.1,5001
latitude=53.221375
longitude=6.576669
mq-host=localhost
mq-port=5672